0 0
0 1
0 2
0 3
0 4
0 5
0 6
0 7
0 8
0 9
1 10
1 11
1 12
2 13
2 3
2 14
3 15
3 16
3 0
3 17
3 18
3 19
3 20
4 21
4 13
4 22
4 23
4 24
4 25
4 26
4 27
4 12
4 28
4 29
5 30
5 5
5 31
5 32
5 33
5 34
6 3
6 33
7 35
7 36
8 37
8 1
8 30
8 38
8 31
9 39
9 40
9 41
9 42
9 0
9 1
9 27
9 6
9 43
9 44
9 19
10 45
10 4
10 27
10 46
10 47
11 48
11 0
11 1
11 49
11 50
11 51
11 52
11 26
11 4
11 27
11 6
12 53
12 5
12 12
12 54
13 55
13 56
13 45
13 57
13 58
13 59
14 60
14 10
14 20
15 61
15 17
15 28
15 62
15 9
16 63
16 64
16 11
16 12
17 65
17 66
17 67
18 68
18 69
18 31
18 70
18 34
19 57
19 53
19 71
19 26
19 27
19 38
19 34
20 72
20 73
20 74
20 75
20 76
20 51
21 77
21 78
21 1
21 49
21 50
21 79
21 59
21 26
21 6
21 80
21 81
22 82
22 83
22 84
22 50
22 85
22 11
22 4
22 27
22 12
22 86
22 47
22 9
23 87
23 88
23 11
23 89
24 72
24 90
24 0
24 49
24 50
24 3
24 79
24 59
24 25
24 5
24 38
24 91
24 17
24 89
24 19
25 61
25 79
25 81
26 82
26 92
26 93
26 75
26 12
26 19
27 60
27 61
27 94
27 28
28 95
28 94
29 11
29 14
29 35
29 28
29 96
30 97
30 98
30 99
30 88
30 100
30 65
30 4
30 27
30 12
30 38
30 31
30 54
30 33
31 101
31 37
31 102
31 103
31 104
31 105
31 44
31 106
32 21
32 49
32 26
32 5
32 12
33 85
33 30
33 5
33 107
34 49
34 2
34 12
34 31
34 86
34 46
35 108
35 109
35 0
35 2
35 3
35 79
35 4
35 12
35 38
35 81
36 110
36 42
36 66
36 26
36 31
36 7
36 8
36 67
36 106
36 62
36 111
36 33
37 68
38 65
38 11
38 5
38 18
38 112
39 45
39 85
39 2
39 52
39 7
39 8
39 67
39 44
39 54
39 70
39 46
39 106
39 62
40 113
40 77
40 1
40 2
40 27
40 114
40 115
40 89
40 46
41 75
41 76
41 71
41 64
41 65
41 116
41 70
42 57
42 87
42 14
42 52
42 86
42 35
42 47
42 34
43 3
43 79
43 114
43 28
43 111
44 87
44 63
44 117
44 60
44 12
44 47
44 33
45 117
45 53
45 118
45 40
46 77
46 119
46 61
46 90
46 120
47 48
47 121
47 93
47 103
47 44
47 19
48 99
48 76
48 65
48 122
48 38
48 106
49 58
49 123
49 124
49 59
49 52
49 104
49 62
50 35
51 125
51 126
51 77
51 53
51 40
51 49
51 4
51 91
51 28
52 1
52 49
52 107
52 81
52 127
52 128
52 19
52 62
52 34
53 129
53 130
53 131
53 53
53 10
53 116
53 132
54 77
54 133
54 74
54 95
54 60
54 110
54 100
54 0
54 49
54 28
54 19
54 32
54 9
55 134
55 135
55 1
55 51
55 26
55 12
55 81
55 136
55 18
56 137
56 126
56 87
56 61
56 100
56 12
56 128
56 47
56 34
57 138
57 57
57 139
57 53
57 123
57 52
57 35
57 44
58 1
58 49
58 12
58 86
58 112
58 47
59 77
59 114
59 12
59 28
60 140
60 108
60 87
60 102
60 107
60 104
61 68
61 141
61 11
61 44
61 20
62 75
62 26
62 12
62 31
62 104
62 106
63 21
63 119
63 63
63 142
63 61
63 94
63 90
63 4
63 5
63 114
63 6
63 38
63 127
63 62
64 77
64 57
64 40
64 1
64 2
64 34
65 143
65 71
65 85
65 52
65 35
65 132
65 33
66 77
66 21
66 87
66 60
66 61
66 144
66 145
66 85
66 3
66 96
66 111
67 12
67 54
68 125
68 68
68 123
68 52
68 26
68 27
68 114
68 12
68 38
68 35
69 6
69 8
69 62
70 90
70 85
70 51
70 27
70 114
70 12
70 107
70 81
70 17
70 120
71 146
71 147
71 133
71 148
71 61
71 149
71 150
71 94
71 4
71 12
71 33
72 84
72 3
72 26
72 18
73 48
73 77
73 61
73 0
74 77
74 40
74 31
74 28
75 151
75 63
75 152
75 79
75 12
75 20
76 68
76 114
77 142
77 4
77 27
77 12
77 80
77 54
78 138
78 119
78 3
79 153
79 154
79 87
79 135
79 143
79 100
79 65
79 49
79 155
79 30
79 27
79 12
79 38
79 116
79 43
79 104
79 46
79 47
79 120
80 65
80 116
80 106
81 134
81 148
81 135
81 117
81 61
81 94
81 156
81 25
81 4
81 27
81 6
81 12
81 35
81 157
82 97
82 114
83 158
83 39
83 22
83 69
83 64
83 26
83 31
83 132
83 33
84 87
84 68
84 71
84 11
84 116
84 35
84 111
85 159
85 97
85 77
85 60
85 61
85 38
86 69
86 0
86 1
86 85
86 79
86 52
86 114
86 12
86 86
87 99
87 13
87 54
87 157
87 34
88 93
88 135
88 37
88 149
88 100
88 31
88 89
88 34
89 160
89 63
89 149
89 85
89 106
90 65
90 27
90 54
90 47
91 161
91 162
91 101
91 149
91 102
91 0
92 1
92 81
92 62
92 20
93 77
93 26
93 27
93 12
94 163
94 57
95 87
95 16
95 0
95 2
95 4
95 12
95 44
95 47
96 11
96 14
96 26
96 12
96 86
97 11
97 79
97 12
98 117
99 158
99 57
99 110
99 141
99 71
100 117
100 85
101 164
101 165
101 87
101 101
101 63
101 123
101 40
101 149
101 103
101 11
101 26
101 12
101 35
102 114
103 77
103 21
103 166
103 119
103 60
103 94
103 0
103 4
103 6
103 12
103 43
103 7
104 0
104 6
104 81
105 167
105 97
105 148
105 22
105 96
105 111
105 20
105 9
106 97
106 101
106 40
106 149
106 79
106 26
106 5
106 27
106 28
107 30
107 81
107 127
107 33
108 35
109 168
109 169
109 170
109 147
109 167
109 148
109 141
109 10
109 25
109 12
109 44
110 171
110 0
110 1
110 50
110 85
110 30
110 27
110 6
110 38
110 107
110 43
110 172
111 35
112 11
112 51
112 12
112 54
112 33
112 20
113 57
113 149
113 84
113 11
113 122
114 53
114 86
114 54
115 56
115 53
115 5
115 27
115 107
115 127
116 173
116 98
116 101
116 63
116 53
116 65
116 0
116 5
116 27
116 31
116 127
116 54
117 171
117 48
117 174
117 40
117 141
117 65
117 9
118 87
119 175
119 26
119 5
119 12
119 67
119 34
119 120
120 176
120 0
120 4
120 12
120 47
120 34
121 53
121 18
122 74
122 162
122 158
122 177
122 139
122 110
122 31
122 104
122 67
122 34
122 120
123 141
123 11
123 86
123 47
124 178
124 37
124 30
124 66
124 116
124 115
125 63
125 178
125 52
125 28
125 62
126 48
126 179
126 180
126 181
126 182
126 137
126 73
126 183
126 65
126 14
126 25
126 4
126 5
126 12
126 86
126 70
126 36
127 152
127 10
127 85
127 79
127 38
127 104
128 184
128 185
128 154
128 186
128 187
128 188
128 109
129 189
129 181
129 55
129 160
129 190
130 171
130 191
130 189
130 192
130 186
130 180
130 182
130 126
130 188
130 41
131 151
131 15
131 190
132 193
132 191
132 194
132 195
132 161
132 137
132 73
132 55
132 196
132 126
132 188
132 197
132 159
133 198
133 170
133 161
133 137
133 165
133 199
133 200
134 171
134 201
134 189
134 165
134 126
134 202
134 203
134 197
134 147
135 171
135 204
135 198
135 180
135 161
135 183
135 205
135 165
135 15
135 160
135 147
135 18
136 181
136 161
136 15
136 160
136 200
136 133
136 142
136 42
137 194
137 197
137 159
138 206
138 186
139 154
139 207
139 161
139 83
139 208
140 171
140 209
140 191
140 210
140 179
140 211
140 189
140 192
140 180
140 181
140 161
140 126
140 202
140 212
140 213
140 214
141 215
141 92
141 108
141 125
141 73
141 216
141 159
142 217
142 168
142 185
142 108
142 129
142 195
142 187
142 130
142 218
142 219
142 56
143 185
143 204
143 192
143 195
143 181
143 187
144 220
144 48
144 221
144 222
144 195
144 205
144 223
144 208
145 171
145 170
145 161
145 73
145 55
145 223
145 134
145 96
146 195
147 196
148 171
148 209
148 146
148 224
148 108
148 192
148 187
148 161
148 205
148 160
149 225
149 159
150 184
150 201
150 195
150 161
150 226
150 202
150 203
150 208
151 171
151 227
151 192
151 228
151 229
151 230
151 55
151 231
151 232
151 165
151 123
152 187
153 215
153 232
153 196
154 209
154 195
154 233
154 53
154 37
154 71
154 26
154 18
155 208
156 171
156 234
156 235
156 187
156 73
157 236
157 126
157 197
157 237
157 13
157 118
157 60
157 91
157 7
157 28
157 238
158 171
158 55
158 183
158 232
159 191
159 187
160 164
161 195
161 167
161 75
162 174
162 214
163 239
163 240
163 195
163 232
163 223
163 147
163 37
163 26
163 32
164 192
164 55
164 141
164 122
164 5
165 234
165 195
165 241
165 56
166 242
166 201
166 243
166 181
166 182
166 241
166 15
166 196
166 126
166 197
166 147
166 159
167 113
167 194
167 244
167 235
167 196
167 197
167 147
168 171
168 195
168 126
168 147
168 190
168 40
169 197
170 164
170 151
170 198
170 186
170 15
171 171
171 192
171 245
171 228
171 198
171 244
171 170
171 230
171 161
171 73
171 183
171 160
171 147
171 158
171 6
172 56
173 171
173 153
173 246
173 168
173 72
173 154
173 161
173 137
173 73
173 55
173 219
173 190
173 208
174 171
174 126
174 188
175 181
175 187
175 202
176 188
176 214
177 171
177 225
177 247
177 137
177 147
178 171
178 146
178 129
178 187
178 248
179 249
179 191
179 72
179 192
179 250
179 180
179 73
179 251
179 126
179 248
179 188
179 56
179 216
180 192
180 222
180 195
180 180
180 137
180 55
180 231
180 183
180 232
180 205
180 160
180 44
181 164
181 252
181 253
181 224
181 137
181 254
181 56
182 234
182 255
182 187
182 161
183 153
183 174
183 256
183 227
183 92
183 214
184 171
184 232
184 223
184 257
185 161
185 126
186 171
186 258
186 195
187 171
188 204
188 192
189 234
189 191
189 250
189 243
189 180
189 161
189 137
189 202
189 213
189 214
190 204
190 206
190 198
190 250
190 243
190 182
190 137
190 73
190 55
190 183
190 160
190 147
190 109
190 208
191 259
191 260
191 228
191 180
191 187
191 161
191 73
191 231
191 183
191 208
191 21
191 148
191 120
192 113
192 224
193 261
193 195
193 223
193 218
193 160
193 167
193 190
194 171
194 192
194 126
194 202
194 208
195 171
195 192
195 228
195 186
195 232
195 257
196 262
197 262
197 209
197 230
197 137
197 73
197 263
197 264
198 265
198 231
198 232
198 83
199 164
199 265
199 151
199 206
199 186
199 230
199 216
200 225
200 191
200 195
200 187
200 126
200 266
200 213
200 190
201 202
202 265
202 267
202 209
202 268
202 259
202 125
202 269
202 228
202 180
202 181
202 161
202 73
202 126
202 257
202 233
202 214
202 190
202 135
202 106
203 187
203 73
203 56
203 167
203 200
204 225
204 247
204 184
204 261
204 195
204 196
205 171
205 255
205 196
205 202
206 151
206 56
207 267
207 146
207 270
207 194
207 271
207 197
207 109
207 208
207 30
208 225
208 179
208 15
208 218
209 259
209 207
209 243
209 180
209 187
209 161
209 137
209 73
209 55
209 231
209 183
209 232
209 214
209 197
210 151
210 161
210 182
210 231
210 254
210 199
210 15
210 130
210 202
211 171
211 137
211 248
211 109
212 171
212 215
212 48
212 184
212 232
212 188
212 203
212 56
212 197
212 162
213 272
213 273
213 189
213 206
213 235
213 55
213 101
213 116
213 115
214 220
214 252
214 121
214 182
214 55
214 205
214 241
214 213
214 188
214 208
215 240
215 108
215 269
215 206
215 228
215 263
215 197
216 262
216 256
216 202
216 274
216 219
217 140
217 185
217 15
217 56
218 121
218 204
218 222
218 230
218 187
218 15
218 130
218 56
218 147
218 216
218 4
218 62
219 193
219 247
219 125
219 206
219 196
219 147
220 186
221 170
221 126
222 171
222 154
222 221
222 206
222 129
222 228
222 250
222 243
222 229
222 181
222 187
222 137
222 73
222 55
222 183
222 205
222 226
222 248
222 219
222 203
222 197
222 208
222 38
223 154
223 192
223 195
223 254
223 232
223 226
223 251
224 171
224 209
224 227
224 189
224 181
224 187
224 73
224 266
224 213
224 203
224 214
224 109
225 171
225 179
225 186
225 197
225 147
225 119
226 189
226 232
226 213
226 275
226 276
226 142
227 171
227 228
227 198
227 250
227 186
227 243
227 180
227 232
227 15
227 248
227 160
227 147
227 167
227 200
227 23
228 171
228 192
228 55
228 56
229 171
229 191
229 186
229 126
229 147
230 171
230 225
230 192
230 137
230 126
230 203
230 56
231 242
231 137
231 56
231 197
231 159
232 129
232 243
233 206
233 71
234 161
234 199
234 233
235 186
235 73
235 15
235 202
235 188
235 216
236 171
236 204
236 192
236 129
236 229
236 230
236 180
236 181
236 187
236 161
236 182
236 226
236 199
236 135
236 88
236 124
236 5
236 27
236 6
236 38
237 171
237 265
237 209
237 211
237 228
237 161
237 231
237 130
237 266
237 208
237 131
238 261
238 189
238 73
238 165
239 195
239 196
239 126
239 212
239 159
240 171
240 277
240 255
240 210
240 261
240 269
240 228
240 198
240 181
240 161
240 73
240 263
240 223
240 218
240 278
241 171
241 72
241 180
241 181
242 269
242 73
242 165
242 271
243 171
243 195
243 73
243 126
243 202
243 203
244 159
245 171
245 129
245 198
245 186
245 243
245 229
245 230
245 180
245 181
245 187
245 161
245 137
245 55
245 231
245 183
245 205
245 241
245 251
245 190
245 47
246 225
246 184
246 126
246 188
247 171
247 209
247 191
247 154
247 269
247 235
247 181
247 182
247 205
247 203
247 214
248 151
249 272
249 240
249 168
249 279
249 224
249 55
249 71
250 206
250 186
250 203
251 252
251 258
251 168
251 179
251 204
251 202
251 83
251 56
251 190
252 206
253 280
253 121
253 180
254 179
254 192
254 187
254 56
255 140
255 185
255 165
255 15
255 126
255 248
256 171
256 281
256 191
256 189
256 187
256 73
256 126
256 278
257 171
257 194
257 192
257 186
257 264
257 56
257 167
258 164
258 151
259 147
260 171
260 151
260 126
261 82
261 191
261 195
261 235
261 161
261 126
261 233
261 19
262 204
262 186
262 195
262 187
262 73
262 264
262 196
262 212
262 56
262 147
263 194
263 203
263 197
263 95
263 118
263 49
263 114
263 54
264 171
264 258
264 189
264 121
264 181
264 187
264 55
264 251
264 126
264 83
264 248
264 203
264 109
265 234
265 191
265 161
265 55
265 241
266 171
266 204
266 243
266 180
266 137
266 165
266 264
266 126
266 202
266 109
266 111
267 154
267 181
267 182
267 73
267 55
267 266
267 109
267 7
268 262
268 113
268 191
268 189
268 231
268 196
268 126
268 56
268 147
268 200
268 81
269 171
269 73
269 55
269 232
270 171
270 204
270 55
270 203
271 174
271 224
271 108
271 137
271 248
271 160
271 200
272 195
272 183
272 188
272 190
272 42
272 149
272 71
272 102
272 30
272 104
273 174
273 234
273 191
273 161
273 73
273 223
273 248
273 233
273 19
274 171
274 236
274 140
274 192
274 129
274 187
274 161
274 188
274 57
275 171
275 184
275 235
275 15
275 160
275 233
275 203
275 56
275 190
276 171
276 192
276 186
276 195
276 182
276 233
277 164
277 236
277 220
277 184
277 282
277 151
277 192
277 170
277 45
277 16
277 142
277 118
277 41
277 176
277 5
277 80
277 105
277 7
277 32
277 20
278 191
279 247
280 206
281 173
281 228
281 170
281 180
281 109
281 208
282 125
282 195
282 196
282 197
283 247
283 184
283 195
283 180
283 161
283 218
283 188
283 233
283 208
284 283
284 82
284 130
284 83
284 109
284 97
284 117
285 220
285 243
285 230
285 180
285 73
285 55
285 202
285 266
285 218
285 203
285 214
286 171
286 273
286 245
286 180
286 181
286 187
286 161
286 137
286 73
286 205
286 109
286 200
286 208
286 216
286 138
286 143
286 61
286 40
286 10
286 52
287 171
287 15
287 126
287 56
288 171
288 234
288 196
288 126
288 218
288 214
289 192
289 187
